11330
11573
52373
18383
58738
56016
35896
45773
20874
29704
46277
32724
23933
14999
24985
29493
43251
34472
62932
60439
20508
14857
51807
25076
64038
56546
18383
55312
7930
52743
23625
55068
39170
48645
49085
50309
56196
62310
48399
7823
6592
15596
44158
6731
28336
41896
5657
57081
40779
53087
43374
34779
27080
5042
9545
48199
55753
30759
44622
64370
48091
63771
24859
16739
53381
14240
35655
57808
41121
53969
33136
63325
65470
31390
36625
36814
7934
14899
49596
29290
10251
35827
3201
33615
22128
4597
23673
1882
27222
41201
5131
30278
44032
89
4878
52827
61609
62891
64775
5351
